D = [ 1, 1, 1, 1, 1; 1,10,1,1,1; 1,1,20,1,1; 1,1,1,30,1; 1,1,1,1,100];
normalMatrix([0, 0, 0, 0 ,0], D, 1000, 5, 10)